0.405239 0.580331 0.810543 0.777964 0.947082 0.308577 -0.241364 0.720402 0.263672 0.899714 -0.107773 -0.12241 0.272726 -0.435358 -0.805558 -0.265041 
0.286955 0.802136 0.527507 -0.709898 -0.258389 -0.772055 0.757374 -0.274162 0.471893 0.85241 -0.478847 0.290757 0.906708 0.314318 0.0884896 0.86121 
-0.715182 -0.736841 0.519757 0.92586 0.373887 -0.701509 -0.52759 0.635521 -0.789198 0.0382573 0.189325 -0.189326 0.946446 0.66015 -0.182731 -0.491546 
-0.771735 -0.0537927 0.828221 -0.0102664 0.349516 0.0520988 0.31769 -0.75367 -0.218179 0.862565 -0.3312 -0.988747 0.371375 0.13146 -0.0471557 -0.258374 
-0.359708 -0.35281 -0.570474 0.184602 -0.152808 -0.557765 -0.823454 -0.437326 -0.148291 0.665943 0.829374 0.478364 0.160814 0.792012 -0.0872108 0.0749268 
-0.467096 0.571343 -0.0524584 0.320704 0.462651 0.74314 -0.100399 0.710957 0.217237 0.219546 0.411612 0.690016 -0.934402 0.69583 0.706945 0.457721 
-0.578964 -0.754069 0.805668 0.545347 -0.0892511 -0.988457 -0.485402 -0.906845 -0.24389 0.881251 0.161791 -0.236618 0.365068 -0.762253 -0.048859 -0.26849 
0.0953823 0.155273 -0.896964 0.561598 -0.82027 0.771627 0.979892 -0.49969 0.405865 0.985883 -0.158925 0.526793 -0.595507 -0.332595 -0.845093 0.169446 
0.641143 0.240487 -0.289047 0.621878 0.32159 -0.573334 -0.477851 -0.454932 0.187735 0.177057 0.522944 -0.907024 -0.274435 0.929147 -0.843491 0.628838 
0.659309 -0.209669 0.0325679 0.546449 -0.22233 0.600402 0.356533 -0.819537 -0.955589 0.0265257 0.212782 -0.483682 0.790872 -0.303363 -0.312932 -0.772893 
-0.444305 0.930708 -0.504167 0.457492 -0.11933 0.793594 0.533721 0.428022 0.574655 0.648441 -0.19749 -0.0902119 0.706992 0.218503 0.703323 -0.41468 
0.0586391 -0.627428 0.0599494 0.324331 -0.634367 -0.118462 -0.210842 -0.757276 0.282402 0.175563 -0.032206 -0.673623 0.909613 -0.524123 -0.756797 -0.171011 
-0.413833 -0.876417 0.909702 0.339311 0.807048 -0.875111 0.245276 -0.729886 0.85224 0.742212 0.48897 0.400269 0.417405 -0.949396 0.464592 0.40627 
0.321739 0.900703 0.857705 0.642455 -0.128876 -0.825067 0.0129801 -0.867771 -0.0631946 0.248746 0.522018 -0.568747 -0.642191 0.720774 0.947095 -0.330659 
-0.752199 -0.359663 0.670499 0.974887 -0.711334 0.99692 -0.713019 0.122828 0.809788 0.536234 0.331129 0.428173 -0.980929 0.971182 0.964338 0.982033 
0.799526 -0.0119705 0.533293 0.710687 0.847359 0.172897 -0.575638 0.06346 0.881234 0.606102 -0.191889 0.264244 0.355308 -0.964933 0.142901 -0.667806 
0.217868 -0.848323 0.391613 0.254247 0.499792 0.765631 -0.930892 -0.338219 -0.337337 0.866528 -0.704679 0.987584 -0.509846 -0.649289 -0.339328 0.605147 
0.134398 -0.00307285 0.772601 -0.272652 -0.322409 0.666788 -0.721764 0.866506 0.595345 -0.300712 -0.706195 0.461658 -0.318061 -0.0176426 0.957898 0.321346 
0.839574 0.906282 0.275434 0.287809 -0.29625 -0.810581 0.880052 0.262872 -0.238227 -0.62933 0.220071 0.989073 0.831973 0.801949 -0.560849 0.599969 
-0.381944 0.428777 0.304523 -0.186522 -0.67767 0.253648 -0.105357 0.690916 -0.642615 -0.476389 -0.797726 0.802808 0.308389 -0.628278 0.637631 0.883869 
0.722487 0.463951 -0.530033 0.841077 -0.592084 -0.969586 0.502702 0.810636 0.232496 -0.176026 0.909308 0.367293 0.306382 -0.0568564 -0.258661 -0.803935 
-0.247082 0.157786 0.0638463 -0.285994 0.559475 0.702437 0.104346 -0.160574 0.566797 -0.96412 -0.0862656 -0.630869 0.427912 0.367304 -0.388256 0.855836 
-0.769013 0.00949919 0.742453 -0.269214 0.629978 -0.364713 0.524206 0.937881 0.570924 0.567778 0.736547 -0.88214 0.268091 -0.342779 0.937313 -0.576643 
0.402189 -0.500734 0.651173 0.136734 0.678196 -0.0555901 0.116908 0.862377 -0.474238 -0.132887 -0.411982 -0.00893323 0.974852 0.918327 0.836768 0.014043 
0.928654 0.761835 0.622462 0.383182 -0.0747645 -0.0456499 0.575458 0.129553 -0.0858121 -0.220913 -0.618682 -0.0835808 -0.674213 -0.583074 -0.250902 -0.825011 
-0.432888 -0.573011 -0.300637 0.433744 0.067997 -0.632193 -0.831652 -0.205392 0.551465 0.102618 -0.0249201 -0.13607 0.786621 0.052778 0.793564 -0.53134 
0.174796 -0.101366 -0.837098 -0.916515 0.193872 -0.236017 0.941032 -0.913206 0.21876 -0.793656 -0.798672 -0.77664 0.974565 -0.531839 0.91184 -0.585192 
0.0906801 -0.192765 -0.159287 -0.941103 0.238933 -0.934222 -0.524449 0.376588 0.496508 -0.254055 0.559106 0.463783 -0.868639 0.936532 0.10804 0.851456 
0.296876 0.746782 0.0596552 0.55164 -0.800162 -0.895399 -0.784732 0.736996 -0.584674 0.836074 -0.0415425 0.684024 0.85623 0.333304 -0.20834 -0.517369 
0.834674 0.57359 0.0215212 0.947201 0.506838 0.482482 0.284947 0.43071 -0.160623 0.541463 -0.952875 0.310663 0.585187 -0.0216034 -0.097492 0.248506 
-0.511308 0.800434 0.00449128 0.857531 -0.731737 -0.404282 0.708303 0.366907 -0.370086 0.185421 0.123476 -0.825617 0.801832 -0.654776 -0.760423 0.351905 
-0.183267 0.341023 0.0541368 -0.826064 0.130384 -0.667807 0.479387 -0.887322 0.164214 -0.949905 -0.413141 -0.460364 -0.387749 -0.840899 0.588541 -0.887826 
-0.376356 0.266904 -0.141536 -0.0110964 0.517944 -0.566587 -0.0399898 -0.564701 -0.960428 -0.511462 0.23863 -0.981733 -0.827237 0.43347 0.645601 -0.789121 
-0.874619 0.0220234 -0.980226 -0.91337 -0.768284 0.813677 0.96262 -0.284073 0.751337 -0.845457 0.4552 -0.777408 -0.193686 -0.585407 -0.663953 0.709176 
0.202021 -0.307819 -0.430909 -0.323281 0.0840748 0.970555 0.0316122 0.138616 -0.933182 -0.914987 0.062325 -0.380889 0.483294 0.462602 0.695004 -0.0076708 
0.966487 -0.245727 -0.443365 -0.0196989 0.188271 0.467154 -0.125589 -0.95097 0.421785 -0.423525 -0.143111 0.727288 0.236033 -0.259524 0.305574 0.31487 
-0.253956 0.310515 -0.696121 0.0638051 -0.0994237 0.0161278 -0.263411 -0.868806 -0.335086 0.815429 -0.134804 0.287882 0.672126 -0.374341 -0.693232 -0.728971 
0.242561 -0.209997 0.0177915 -0.795395 0.992408 -0.588941 -0.834328 -0.855262 -0.887082 0.524946 0.807599 -0.127612 0.890414 -0.606845 -0.856006 -0.81509 
0.685003 0.746437 0.420726 0.921023 0.715594 0.431646 0.179499 -0.187117 -0.375652 0.864084 -0.951549 -0.676423 -0.631694 -0.396171 0.0652251 0.5411 
0.891707 -0.919764 0.63934 -0.901843 0.739336 0.632601 0.265973 0.0142682 -0.704374 0.549715 0.652714 0.101173 -0.371233 -0.647995 -0.96539 -0.817046 
-0.528937 -0.27181 -0.46027 -0.370374 0.447777 0.650624 -0.163974 0.302494 -0.0318664 0.652671 -0.722052 -0.0965663 -0.0701958 -0.402341 0.876674 0.49755 
-0.273581 -0.946383 -0.370877 -0.72898 -0.0557557 -0.914904 -0.0245725 0.808733 -0.184237 0.1011 0.775547 -0.314235 -0.767866 0.0371145 0.565215 0.50849 
-0.383465 -0.466823 -0.642338 -0.655156 -0.82193 0.734623 -0.793548 -0.746387 0.740808 -0.973139 -0.191922 0.614643 0.478572 0.783513 -0.993041 -0.246545 
0.100745 -0.509804 0.371223 -0.198601 -0.0650348 0.471198 0.705585 0.209096 -0.572397 0.929702 0.581134 0.361831 -0.604914 -0.975863 -0.772478 -0.527019 
-0.762923 -0.0874413 0.211476 -0.0198688 -0.838161 0.658407 -0.727894 0.778034 -0.216301 -0.884132 -0.709865 -0.97806 -0.254673 -0.0626238 -0.47729 -0.884606 
0.163419 -0.299883 -0.808391 -0.657341 0.968081 -0.0422092 0.0268881 0.957731 -0.528735 -0.451973 -0.170211 -0.750558 0.41929 -0.688595 0.677374 -0.930973 
-0.646087 -0.251403 0.740728 -0.489079 -0.140411 -0.0167508 -0.191952 -0.583372 -0.142072 0.155309 0.752755 0.678712 -0.934113 -0.336343 -0.453148 0.673814 
-0.893358 -0.302748 0.61321 -0.338948 -0.53225 -0.347463 -0.867875 -0.194775 0.812499 0.855276 0.945396 0.226417 -0.93634 0.459099 0.660554 0.671766 
-0.957595 0.531223 0.960238 0.343139 -0.241909 -0.233502 0.91479 -0.541517 0.794999 0.220491 0.0515143 0.04729 0.220827 -0.648406 0.0731223 -0.981293 
0.676676 -0.09601 0.723255 -0.941204 -0.91781 0.793933 -0.44834 -0.855225 0.875938 0.774592 0.60558 0.699277 -0.946518 -0.770002 0.158331 -0.453932 
-0.562603 0.519391 0.397805 -0.562507 -0.0178507 -0.949349 -0.296051 -0.537052 0.187987 -0.849014 -0.0592616 0.281709 -0.233605 -0.65928 0.788269 -0.685112 
-0.00996938 0.872427 -0.906879 -0.287145 -0.786022 -0.805986 -0.411983 -0.174148 0.369638 0.932692 0.346654 0.962133 -0.385858 0.814678 -0.897704 -0.95037 
0.124305 0.700095 0.688254 -0.360572 -0.545833 -0.862377 0.812061 -0.102697 0.851627 0.491372 -0.222354 -0.19977 -0.138914 0.737592 -0.982613 0.365505 
-0.953 -0.713916 -0.540054 0.128135 -0.103719 -0.261223 0.562076 0.468313 -0.641659 0.843101 0.475242 0.019499 -0.217429 -0.539732 -0.37597 -0.195899 
0.0982501 0.786485 0.129139 -0.714653 0.0534791 0.41035 0.546651 -0.779885 -0.213702 0.184609 -0.980276 0.407394 0.804115 0.830199 0.525185 0.444906 
-0.458428 -0.490834 -0.82289 0.435154 0.570098 -0.250291 0.815774 -0.755301 -0.167434 0.170424 -0.605764 0.870115 0.0822545 0.145985 -0.55674 0.903568 
-0.0408357 -0.437702 -0.771013 0.981697 -0.926434 0.656437 0.367947 0.929108 0.585017 -0.0167707 0.839606 -0.603299 -0.744972 -0.763614 0.922054 -0.580043 
0.982853 0.885357 0.522377 -0.709121 0.620706 -0.680779 -0.490089 -0.346141 0.84713 -0.406591 -0.832636 -0.450073 0.0223702 -0.858088 0.712801 0.478997 
-0.819887 -0.562506 0.493795 0.792924 -0.180951 0.980568 -0.122832 0.248769 0.38882 0.181386 0.587479 0.708803 -0.4176 -0.226553 -0.37582 0.345958 
-0.979263 -0.0841144 0.34849 -0.719109 -0.065367 -0.00179771 -0.591054 -0.11765 0.181261 0.872074 0.951377 -0.265401 0.722704 0.389142 -0.680403 0.9457 
-0.0370009 0.356573 -0.960838 0.352593 -0.785624 -0.448171 -0.354004 0.253639 -0.352079 -0.490409 0.273461 0.608599 0.623431 0.955419 -0.487687 0.429582 
-0.51051 0.945543 -0.250782 0.540757 0.103139 0.827733 0.11486 -0.0719062 0.289066 0.153495 -0.126721 0.0168338 -0.319203 -0.932208 -0.251575 0.129223 
0.785405 -0.737182 -0.174452 -0.727413 0.152633 0.917933 -0.737064 0.954035 -0.207881 -0.264346 -0.13387 -0.869305 0.83438 0.0164191 -0.0847412 0.422378 
0.811787 0.504068 -0.957456 0.556991 -0.599355 -0.732936 -0.745152 0.97708 0.44776 0.645833 0.630226 -0.0566494 -0.404188 -0.225681 0.606754 0.671523 
0.0445638 0.00751968 0.633459 -0.263637 -0.104684 0.626694 0.746884 0.278171 -0.147236 0.998336 0.0457515 0.824766 -0.581862 -0.99945 -0.229056 0.194088 
0.825183 -0.885188 -0.54947 0.0238955 0.205299 0.115591 0.718728 0.151414 -0.152413 0.37595 -0.487064 -0.630482 0.595237 0.329373 0.974748 0.370729 
-0.0590189 0.654511 -0.582873 -0.574765 0.613817 0.896689 -0.761828 -0.664661 0.750603 -0.79725 0.611655 -0.0564431 0.0156713 0.0632628 -0.187889 0.759065 
0.321438 0.455645 -0.953075 0.072713 0.0529708 -0.114826 -0.272141 -0.788133 0.862494 0.0518114 0.104573 -0.632684 0.81951 -0.968218 -0.246141 0.741387 
-0.582379 -0.0824894 -0.670621 0.657003 0.399848 -0.836247 -0.950849 0.510811 -0.489509 -0.936482 0.268206 -0.156599 0.227774 -0.791281 0.203887 -0.914594 
0.878951 0.5998 -0.0899508 -0.899771 0.618886 0.675996 0.628627 -0.251077 -0.349966 -0.0270494 0.599423 -0.317811 0.665467 -0.802009 -0.824305 -0.125905 
0.914027 0.109274 -0.183624 0.625517 0.443805 -0.012167 0.631017 0.853947 0.565098 0.404589 0.0718106 0.0223536 -0.251204 -0.180874 -0.803101 -0.158089 
-0.492738 0.997176 0.764596 0.194398 0.764064 -0.848831 0.821253 0.463699 0.341736 -0.595611 0.537892 -0.820723 0.89027 -0.127078 0.188924 -0.636468 
0.985272 -0.486558 0.273974 0.355192 0.880316 0.560183 0.652018 0.197372 0.311064 0.537655 0.250353 -0.168502 0.824155 -0.683456 -0.836004 0.349819 
0.0748025 -0.269801 -0.703463 -0.961563 -0.0708664 -0.898875 0.550191 0.0353619 -0.973038 -0.356107 -0.940691 0.894009 -0.702705 -0.639603 0.014218 0.43345 
-0.735302 -0.668217 0.301108 -0.73744 0.564477 -0.196637 0.170518 0.650979 0.904082 0.0296447 0.722655 0.299988 -0.581454 0.875558 0.965753 0.529823 
0.608779 0.919201 0.782991 0.571325 -0.775178 0.423693 -0.670962 0.229189 -0.0774393 -0.0549843 0.800534 -0.857243 -0.468083 -0.206866 0.0206694 0.316336 
-0.398555 0.0905838 -0.322998 -0.523977 -0.439543 0.985802 -0.712651 -0.163437 -0.702728 0.269492 0.37773 0.0722259 -0.475387 -0.221688 -0.313104 -0.724815 
-0.113144 0.798218 -0.373521 -0.386802 0.0545615 -0.0601527 0.0755967 -0.429747 -0.00400366 -0.235108 -0.0380542 0.336807 -0.433684 -0.928093 0.653711 0.743709 
-0.421213 0.889509 0.979606 0.182323 0.891734 -0.325331 0.919794 0.485689 0.290264 0.329707 -0.248899 -0.68796 0.0542742 0.415162 -0.668731 0.403383 
0.0993233 0.503869 0.180161 0.277701 -0.544367 -0.468471 -0.436497 -0.155967 0.33273 0.777274 -0.662374 -0.40332 -0.170511 0.799454 -0.330636 0.441721 
0.44727 -0.581039 0.373253 -0.901187 0.646112 0.280425 -0.215758 0.412947 0.910102 0.0468306 0.311712 -0.490646 0.526111 -0.098445 0.0977026 -0.936001 
-0.185032 -0.569213 0.976557 0.162759 0.529912 0.782194 0.556342 -0.76259 -0.763063 -0.687536 0.342759 -0.331611 -0.564842 -0.361298 0.504181 -0.151429 
0.721401 0.947671 -0.502368 -0.261229 0.835664 -0.944561 0.894654 -0.854073 -0.141663 0.924635 -0.493365 0.993399 0.453213 0.664236 0.435422 0.729908 
0.0549061 0.303961 0.536318 0.49762 0.199344 -0.853433 -0.501525 -0.442532 -0.906716 -0.127869 -0.426034 0.974345 -0.595497 0.764866 0.0744297 0.868049 
0.335965 -0.469072 0.799549 0.0511032 -0.103973 -0.916393 -0.107298 0.771304 0.623945 0.659498 -0.476668 0.181431 -0.620149 -0.287498 0.65579 0.101038 
0.769648 -0.724511 -0.704886 -0.689554 0.331755 -0.451108 0.357196 0.646022 0.870922 -0.289912 -0.495664 -0.0212097 0.285561 0.642104 -0.79557 0.398926 
-0.898755 -0.957981 -0.56785 -0.00937446 -0.616171 0.384481 0.306298 -0.61557 0.858322 -0.961433 0.665895 0.592257 -0.0336505 0.458628 0.491519 0.268004 
0.326193 -0.471035 -0.602141 0.672629 0.565076 0.471282 -0.96426 -0.128673 -0.393704 0.115417 -0.957798 0.0582672 0.381939 0.265161 0.414452 -0.329741 
-0.212817 -0.782565 0.977321 0.408103 -0.0507351 0.150746 0.442715 0.00958844 0.465559 -0.572175 -0.56268 -0.342673 0.396806 0.140567 -0.638805 -0.134982 
0.155194 0.310058 -0.297211 -0.00172391 0.334691 0.0292122 -0.213123 -0.188114 0.721892 0.500444 0.833081 -0.362039 -0.564204 -0.296414 0.228147 -0.717123 
-0.328579 -0.828787 -0.380941 0.744827 0.503496 0.838812 -0.358012 -0.593727 -0.080361 0.589537 0.322704 0.353983 -0.754802 0.660831 -0.490317 0.510816 
0.28696 0.349233 0.118659 -0.702257 0.718962 -0.781582 0.830995 0.851427 -0.832245 -0.608997 0.59628 0.13335 -0.786352 0.262699 0.591908 -0.631474 
-0.979336 -0.321195 -0.69248 0.966372 -0.857838 -0.20014 0.674861 -0.385807 0.863673 0.92824 -0.946497 -0.248178 0.476754 -0.502934 0.802324 0.000136753 
-0.223217 0.620496 0.451606 -0.736415 -0.824428 0.784056 -0.654493 -0.552183 -0.824347 0.812243 0.21167 0.232761 -0.205951 -0.460666 0.94552 -0.773288 
-0.197504 0.554959 0.87107 -0.197444 0.395716 -0.247967 -0.500788 0.614311 0.0433543 0.678832 -0.762785 0.738345 0.426818 0.503888 -0.989858 -0.605315 
0.707295 -0.113147 0.247345 -0.884625 -0.1894 0.989156 -0.266452 -0.63905 -0.742468 -0.550196 -0.0484889 -0.892618 -0.767559 -0.497785 -0.771176 0.935767 
-0.318726 0.672883 -0.0138701 -0.230815 0.405507 0.0886271 0.586555 0.641822 0.304843 0.901371 -0.218573 -0.143856 0.348404 0.768884 0.976313 -0.693079 
-0.378129 0.0473324 -0.255325 0.743676 -0.2412 -0.296802 0.0296547 -0.739127 -0.829066 -0.747901 -0.0786114 -0.521805 0.0504169 -0.0803039 -0.841974 -0.863762 
0.926341 0.0323378 0.337396 -0.301807 0.458149 -0.571796 -0.873234 -0.154798 0.209395 -0.846812 -0.369109 0.0593741 0.678633 0.781507 -0.888493 0.308419 
0.639736 0.022176 -0.682844 -0.938512 0.983599 -0.477327 0.951269 -0.86925 0.295986 0.472514 -0.279471 0.413737 -0.491654 0.349253 0.469653 0.416211 
-0.404397 0.983585 0.335774 -0.0682885 -0.111604 -0.283199 0.846442 -0.962256 0.955235 0.797649 0.77527 0.676542 0.62366 0.333676 -0.749149 0.0100275 
0.260034 -0.251671 -0.464631 -0.53308 0.217242 0.558659 -0.974922 -0.199121 0.877666 0.236378 -0.861727 -0.25364 -0.77913 0.537386 0.525289 0.560909 
0.0800957 -0.76994 -0.572247 -0.669996 -0.400536 0.454095 0.223596 -0.346211 0.557366 -0.458201 -0.256713 -0.265803 0.595422 -0.116515 -0.58992 0.36603 
0.390202 0.460137 -0.496641 -0.957657 0.705712 0.726876 0.486868 0.703695 0.873276 -0.757979 -0.129116 -0.598414 -0.795232 -0.174383 -0.768637 0.31112 
-0.859542 0.43634 -0.918566 0.318067 0.932389 -0.558266 -0.183589 -0.493829 0.590822 0.484554 0.176813 -0.442893 -0.235936 -0.131328 -0.864447 -0.447048 
0.657515 -0.0828784 0.792537 0.603592 0.89718 0.285094 -0.547208 0.252448 -0.125335 -0.681979 -0.932849 -0.931392 -0.074631 0.515488 0.806732 0.367064 
0.575946 -0.315456 -0.646129 0.860241 -0.651487 -0.652227 0.632618 0.469175 0.463719 0.924943 0.736579 -0.944802 0.163574 -0.244158 -0.132675 -0.146312 
0.976656 -0.486724 0.76354 0.726959 0.34447 0.619575 0.644774 0.0182308 0.0616543 0.426221 -0.339758 0.502315 0.445563 -0.61713 -0.725484 -0.484532 
-0.763877 -0.81151 -0.156151 0.990278 -0.55123 0.889233 -0.885895 0.307794 -0.757681 0.214043 -0.611068 0.497948 0.0415549 -0.224464 -0.510098 0.976657 
0.390385 -0.72088 0.815394 -0.946671 -0.679964 -0.100624 0.529128 0.984267 0.283364 0.763138 -0.678503 0.996657 -0.31368 -0.286312 0.479261 0.271056 
0.532556 -0.507272 -0.611249 0.0557026 0.96839 -0.0276676 -0.560333 0.15615 0.402985 -0.171217 0.77032 0.368841 -0.404854 -0.969506 0.737573 0.889002 
0.216167 0.698419 -0.813279 0.881229 0.158234 -0.243809 0.0134868 0.902367 0.781119 0.399187 0.805571 0.221879 -0.833719 0.718045 -0.554631 0.244787 
-0.524751 0.242185 0.929732 -0.100363 0.950769 0.0977018 -0.832783 -0.990924 -0.599369 -0.898229 -0.347592 -0.0730104 0.899754 -0.728844 0.0696263 0.123043 
-0.31291 0.777874 -0.0791576 0.305638 -0.309811 0.352485 0.0140692 -0.921508 -0.798004 0.381892 -0.625744 0.14156 0.653752 0.461738 0.0845788 0.60343 
0.283984 -0.972671 -0.736605 -0.373808 0.722761 -0.665434 -0.819132 -0.0274146 0.701836 0.699465 0.32161 0.222803 0.225807 0.129813 0.286215 0.0947159 
0.0416239 -0.987479 0.217404 0.388529 0.149301 -0.065245 0.964728 0.170471 -0.111247 -0.698339 0.563733 -0.483313 -0.498484 -0.173685 0.403422 -0.405372 
0.862154 0.454054 -0.552734 -0.158898 -0.455883 0.958861 0.445619 0.462344 0.264648 -0.196218 0.67725 -0.784462 0.620585 0.536369 -0.5084 0.360208 
-0.136164 -0.912321 -0.990514 0.371481 -0.809746 0.886604 -0.253317 0.145161 -0.240854 -0.196198 -0.0431432 0.474247 0.0600636 -0.284535 -0.686477 0.677602 
-0.807665 -0.14596 0.386587 0.183774 -0.27765 0.935529 0.108047 0.673659 0.336756 0.819555 0.183417 -0.559609 0.195209 0.265431 0.0220411 -0.550586 
0.952989 0.197771 0.651145 0.110902 0.832827 -0.776759 0.952368 0.949668 0.337229 -0.932129 0.902226 -0.499466 0.185114 0.682699 -0.272709 -0.96405 
0.62819 0.237089 0.905152 -0.243213 0.0737867 -0.783104 0.926389 0.677382 -0.697126 0.971188 -0.408156 0.444138 0.387686 0.779661 0.0970453 0.27195 
0.839894 0.949726 -0.203956 -0.747263 0.146381 -0.069005 0.116738 0.215035 0.859049 0.886667 0.357926 -0.161067 0.988222 -0.330473 0.166743 -0.975598 
-0.705868 0.647863 -0.26547 0.454754 -0.639111 -0.395832 0.181481 0.167468 0.416132 0.77435 -0.189822 0.569633 -0.0933145 0.370657 -0.642503 -0.35151 
0.851577 0.403199 0.0375991 -0.383207 0.62237 0.931378 0.190648 0.0102372 0.396754 -0.296403 -0.654196 -0.741856 0.113071 -0.364556 0.907647 -0.0856497 
0.936271 0.306913 -0.147554 -0.7558 0.728439 0.694968 -0.863422 -0.41143 -0.782144 -0.89924 0.838046 -0.906287 0.604452 0.569958 -0.493536 0.615896 
-0.829017 0.479624 -0.159782 0.661958 0.585108 -0.653871 0.487881 -0.662473 0.07566 -0.143601 -0.263001 0.575185 -0.752562 -0.612253 0.182006 -0.223633 
-0.954323 -0.930601 -0.190664 -0.213382 0.161126 0.349936 0.274822 0.568626 -0.376442 -0.359718 0.738931 -0.0825517 0.358199 -0.425412 0.663625 0.658335 
0.983055 -0.953531 -0.222711 -0.674696 0.435196 0.9223 -0.569579 -0.487949 0.52553 -0.587691 -0.915601 0.497274 0.218601 0.0300752 -0.60395 -0.588961 
0.994111 0.223888 -0.169139 -0.731016 0.994891 0.714918 0.742445 -0.194618 0.516808 -0.816689 -0.64541 0.168383 0.490437 0.913102 -0.631036 -0.899226 
-0.0670447 -0.558638 -0.136261 0.21098 -0.761803 0.83969 -0.634461 -0.16233 -0.248908 0.32007 -0.0895982 0.515925 -0.888483 -0.73533 -0.567405 -0.492084 
-0.220145 0.929389 0.659469 -0.0730273 0.354736 0.234276 0.0126767 0.186729 0.63394 -0.86535 -0.159236 0.834127 0.752888 -0.848868 0.0498745 0.830951 
0.0882738 -0.117326 0.94477 0.205049 0.3333 -0.265406 0.745923 -0.903428 0.936707 0.150224 -0.714306 0.962106 -0.495198 -0.373519 -0.264439 -0.512232 
-0.622491 -0.973402 0.422974 -0.978457 -0.626817 -0.916244 -0.287859 0.241659 0.59497 -0.868242 0.430404 0.698213 -0.757683 -0.471414 0.574431 -0.406807 
0.629677 0.808809 -0.24216 0.161498 -0.18005 -0.562162 -0.484676 -0.814215 0.0661827 -0.102687 0.76096 0.995992 -0.672465 -0.350281 -0.810034 0.721912 
0.925347 -0.38822 0.92026 0.366523 -0.453503 0.59726 0.653671 0.512819 0.165547 0.880681 -0.401512 0.644103 0.0370849 -0.723178 0.440222 -0.467476 
-0.959003 0.379958 0.706243 0.734064 -0.14976 -0.464025 -0.578577 -0.0323564 -0.726029 -0.583855 0.892195 0.233491 -0.278759 -0.519908 -0.575477 0.534404 
0.813191 0.322743 -0.858391 -0.77314 -0.922559 0.466665 -0.718955 -0.047922 0.0315954 -0.309211 -0.201291 -0.107829 -0.00248789 0.787294 0.965285 0.826644 
0.192455 0.76678 0.353261 -0.92962 0.0867695 -0.780314 -0.350691 0.873439 -0.219742 0.769539 -0.73016 0.634466 -0.0483885 -0.85111 0.66669 0.572186 
0.510299 -0.126741 -0.522794 0.119 0.254847 -0.42427 0.382756 -0.206201 -0.422937 -0.397558 0.0745787 0.798864 -0.234484 0.288729 -0.0924014 -0.631954 
-0.227213 0.775534 -0.461893 -0.0524156 0.601228 -0.634261 -0.846644 0.466196 0.804764 -0.862838 0.717786 -0.00213017 -0.202702 0.786034 -0.353261 -0.828201 
-0.306785 0.389683 -0.843616 -0.538605 -0.616711 0.90138 -0.939627 0.55322 -0.20405 0.648345 -0.171205 -0.34007 0.19597 0.961489 -0.454349 -0.899576 
0.0419075 0.510263 -0.815069 0.251912 -0.138458 -0.373147 -0.192927 -0.751658 0.241774 0.10758 0.653048 0.0195108 0.709947 -0.879093 0.909503 -0.408807 
-0.555191 0.726222 -0.986932 -0.575614 -0.582766 -0.439014 0.292096 0.241013 0.428021 0.0403968 -0.212054 -0.327108 -0.0176889 -0.605028 -0.513968 0.524279 
0.13224 -0.181615 0.982347 0.91131 0.742835 -0.908061 -0.194713 -0.58681 -0.874276 0.215751 0.615841 0.747445 0.992084 -0.367199 -0.291382 -0.769224 
-0.616851 0.234393 0.18282 0.417705 0.304507 -0.438483 0.0199365 -0.188134 -0.77549 -0.893099 0.425446 -0.0103886 0.56377 0.650705 0.220119 -0.475488 
-0.513559 -0.65554 0.943339 0.411809 -0.479947 0.0360463 -0.680237 0.0960482 0.136458 -0.953048 -0.462326 0.97897 0.645931 -0.901866 -0.141142 0.893794 
-0.850181 -0.508036 0.975065 -0.611506 -0.372432 -0.702022 0.570034 0.19813 0.430205 -0.38658 0.196854 0.00418551 -0.886881 -0.556011 -0.957266 0.123976 
0.762022 -0.124493 -0.476278 -0.134975 0.738859 -0.636517 0.621558 0.974343 -0.537903 -0.0511771 0.618067 -0.631009 -0.220669 0.798506 -0.446496 0.068987 
0.893777 -0.138718 0.506281 -0.753577 -0.415131 0.41118 -0.0955845 -0.39946 -0.18775 0.877545 0.308221 -0.754003 -0.728799 -0.939173 -0.732164 -0.184262 
-0.478254 -0.474537 -0.891937 -0.722151 -0.248151 -0.774838 -0.844049 -0.374838 0.72724 0.90958 -0.876111 0.112703 0.993206 0.0373757 -0.88754 -0.685236 
0.288248 -0.675763 0.116378 0.372339 0.924216 -0.00871763 0.845098 0.0697857 -0.923681 0.425961 -0.00312994 -0.625947 0.269044 0.777931 -0.0480356 -0.0585098 
0.572184 0.989945 -0.876884 0.635774 0.473751 -0.685851 0.951024 -0.350863 0.333346 -0.514826 -0.127337 0.177788 -0.758258 -0.416665 -0.701503 -0.219868 
-0.00737547 -0.0278777 0.163473 -0.98533 0.61731 0.82434 -0.972633 0.504024 0.608896 -0.998833 -0.135295 0.459244 -0.309016 0.275298 -0.526419 0.291995 
0.77938 -0.321488 -0.94251 0.0333037 -0.807815 0.857942 0.323614 -0.357279 -0.923232 -0.435073 0.493475 0.569816 -0.239336 -0.894935 0.774933 -0.560443 
-0.55605 -0.633532 -0.632368 0.857071 -0.420131 -0.374524 -0.565166 0.360843 -0.206545 0.695834 0.926673 -0.782505 0.566356 0.354927 -0.321533 0.747828 
-0.0766762 0.253979 -0.465431 0.842467 -0.35296 0.417818 -0.923283 -0.369419 -0.653561 -0.780005 0.11795 -0.163807 0.616939 -0.609625 -0.36262 -0.12232 
0.110053 -0.392827 0.900672 0.503437 -0.229075 0.121738 -0.585578 0.0695894 -0.0921875 -0.342937 0.692032 0.888233 -0.484555 0.314006 0.687137 -0.0107103 
0.931333 0.363353 -0.450732 0.779525 -0.679779 -0.453226 -0.491079 -0.375821 -0.391566 0.610714 0.133778 0.631771 -0.276345 0.395696 -0.124348 -0.413442 
-0.932306 0.647429 0.216453 -0.0687303 -0.828719 0.300891 -0.330933 -0.830995 -0.038778 0.511111 0.225409 0.305947 0.446759 -0.784927 0.234837 0.539932 
0.391929 0.243904 0.44077 0.25969 -0.566006 0.919563 0.087981 -0.30608 -0.924605 0.415624 0.878216 0.606466 -0.103642 0.178571 -0.825184 -0.546243 
-0.681376 -0.556781 0.186082 -0.437384 0.877919 -0.677815 -0.213089 -0.609294 0.199198 0.899808 -0.310252 -0.646085 -0.375573 -0.786701 -0.916285 -0.429206 
0.653403 -0.844591 -0.76149 -0.0223368 0.169061 -0.540409 0.212765 0.882591 -0.232272 0.54826 0.0475041 -0.846871 -0.505662 0.813826 -0.0631297 -0.135626 
-0.994759 0.797963 0.728103 -0.374469 0.0189973 -0.508222 0.778897 0.171523 -0.713878 0.234272 -0.982635 -0.279517 -0.204623 0.898487 0.697564 0.2874 
0.357408 -0.329226 0.695181 -0.489225 -0.915079 0.194636 0.580585 -0.848427 0.580482 0.788396 0.071349 0.785075 0.881501 -0.00653668 0.900919 0.925669 
-0.829666 0.137249 0.481 0.875646 0.823424 0.242382 -0.961542 0.343784 -0.205829 -0.235806 -0.325665 -0.946198 0.884607 0.451532 0.962802 -0.803833 
0.863909 -0.627275 0.728111 0.0312541 0.213268 -0.553313 0.939801 -0.0969926 0.870772 -0.881603 -0.339757 -0.70259 -0.451559 0.194283 -0.564396 0.128815 
0.883082 -0.881701 0.283026 0.568816 0.477656 -0.457986 0.153535 0.63856 0.517064 0.835905 0.692563 -0.406567 0.0696164 -0.786382 -0.641769 -0.875155 
0.0385616 -0.320729 -0.761118 -0.0828455 0.429587 0.157174 -0.137582 -0.556422 0.542126 -0.439491 0.509016 -0.114605 0.291188 -0.352239 -0.344256 0.228727 
0.890613 0.658783 0.940087 -0.165694 0.0496266 0.118426 -0.442578 0.0178342 0.758183 0.00625347 0.643528 -0.943437 0.784666 0.940821 0.817324 -0.228873 
-0.96186 -0.18063 -0.0197281 0.396827 0.577703 -0.0242899 0.569804 0.2109 -0.242382 -0.199548 0.160035 -0.833819 -0.739828 -0.169584 0.197395 -0.459223 
-0.8374 0.522302 0.575562 0.623071 -0.94409 -0.602176 0.250674 0.343669 0.582977 0.675806 0.699096 0.880236 -0.765352 -0.565643 0.480761 0.209142 
-0.638974 0.287161 0.78627 -0.732321 -0.940445 -0.365673 -0.361187 0.0143491 -0.830057 0.432368 -0.354793 -0.180718 -0.863225 -0.841068 0.694164 0.660842 
-0.325239 0.10352 0.995229 -0.545325 -0.885113 -0.715026 0.0477131 0.788771 0.0610334 0.585623 0.526262 0.595718 0.130618 0.373339 0.993901 0.214241 
-0.856887 0.826981 0.768574 0.562432 -0.534849 0.594245 -0.0727727 -0.346243 0.906656 -0.677713 -0.22451 0.0379356 -0.321966 0.345767 -0.715492 0.0910293 
-0.497916 0.271999 -0.140425 -0.500012 0.194932 -0.484727 0.0882345 0.917439 -0.592611 0.175985 0.819299 0.00333881 0.564154 -0.116353 0.178088 0.551546 
-0.81943 0.403482 -0.426712 0.254299 -0.707711 0.26383 -0.272464 0.920199 0.346083 0.375749 0.596122 0.209036 0.242973 0.335192 0.545617 -0.418585 
0.0210304 -0.556818 0.892342 -0.884353 0.774455 0.265044 0.57506 -0.460474 0.781593 0.448368 -0.799411 0.0532197 0.992908 -0.745072 -0.86307 0.824648 
0.680487 0.0711207 -0.891704 0.283648 0.745913 0.923357 0.976676 -0.223196 -0.821919 -0.799586 -0.679754 0.461363 -0.021698 -0.756597 -0.675914 -0.764755 
0.413677 0.751824 -0.807246 0.506344 0.850848 0.768649 0.19494 0.0111537 0.208066 0.286085 -0.427473 -0.813044 0.703136 0.864978 -0.661469 0.822928 
-0.529063 0.644151 0.398473 0.901404 -0.933347 -0.108213 -0.577873 0.479911 0.503765 0.934943 0.483878 -0.282122 0.255029 -0.253901 0.442771 0.783112 
-0.179206 0.0866996 0.881614 -0.977924 0.795772 -0.0599172 0.513063 0.569015 0.899951 -0.549628 0.458172 0.0244038 -0.822097 0.872522 -0.849328 -0.593426 
-0.40235 -0.626143 -0.603464 -0.502186 -0.89504 -0.031204 -0.505033 -0.468261 0.38571 0.636107 0.710536 0.816033 -0.158629 -0.0624452 0.654671 0.787384 
-0.434661 -0.691478 -0.743137 0.323473 0.0196936 -0.939922 0.296184 0.533494 0.134424 -0.532142 0.62837 -0.897591 -0.477548 -0.862874 0.557507 -0.533625 
-0.344873 -0.252086 0.903973 0.835927 0.761516 0.853064 0.536673 0.24027 -0.321877 -0.449095 0.282246 0.853181 0.0498733 0.756886 0.0522703 0.902747 
-0.116354 0.308892 0.959289 -0.686989 -0.305478 -0.230648 0.98186 -0.669372 -0.141229 -0.324924 -0.586902 0.638791 0.931304 -0.676914 -0.540859 0.555263 
0.0462482 0.141248 0.0906284 0.760089 -0.989727 0.131891 -0.208749 0.540207 0.420142 0.729607 0.651617 0.426907 0.593959 0.518594 -0.0205399 -0.535967 
0.0986243 -0.965517 0.995855 -0.522794 -0.338726 0.296323 0.116624 0.627806 -1.00664 -0.314809 0.308245 -0.572896 0.0658645 -0.97137 -0.255213 -0.468643 
0.647983 0.0399904 -0.307739 -1.00405 0.958591 -0.683756 0.73221 0.564288 -0.396585 -0.673426 -0.698609 -0.0624512 0.625939 0.962522 0.551021 -0.368352 
-0.705181 0.333206 -0.736759 0.423726 -0.74136 -0.511691 0.230234 0.328799 -0.255339 0.514087 -0.864942 -0.213191 -0.574118 -0.893475 -0.237133 -0.969528 
-0.0754482 -0.663079 0.177298 -0.83705 0.110884 -0.447823 -0.0414459 -0.927132 0.271248 0.994792 0.41381 0.394305 0.518711 0.820852 0.014865 0.963882 
0.328929 -0.0448689 -0.531129 -0.631684 -0.767828 -0.142111 -0.64719 0.380662 -0.667086 0.68217 -0.256446 0.187991 0.613223 0.394749 -0.0147317 -0.919672 
-0.903683 -0.453159 -0.817538 -0.512793 0.415369 0.447372 0.0943287 -0.465216 -0.353859 0.555465 0.59007 0.167298 0.245428 0.47877 0.735856 -0.142073 
-0.265798 0.279977 0.252544 0.380924 -0.253278 0.189468 0.52157 -0.706847 0.400703 0.460415 0.0248595 -0.896533 -0.916962 0.984468 -0.0918819 0.196679 
-0.0285156 0.372963 0.232507 0.159905 -0.0202994 -0.472477 -0.549114 -0.0795204 0.777424 0.446081 0.17699 -0.111292 0.848675 -0.890199 -0.137335 0.905492 
-0.265406 -0.570988 0.743222 -0.304321 0.387735 -0.851171 0.954088 -0.854462 -0.663887 0.32432 0.411395 -0.88398 -0.719173 0.916126 0.73516 -0.851825 
0.932225 -0.44465 0.496444 -0.0605026 0.820258 -0.513456 0.753782 0.503225 -0.447681 -0.980379 0.914256 0.947831 0.736554 0.713368 0.466594 -0.235422 
-0.819016 -0.570779 0.0585078 -0.404301 0.358796 0.381052 -0.516241 -0.928598 0.674343 -0.435609 0.85065 -0.493219 -0.747754 0.641152 0.971169 0.784635 
-0.446459 0.963374 0.558601 0.54159 0.662958 0.8638 -0.596821 -0.43843 -0.814349 0.275372 -0.6716 0.658603 0.073764 -0.993516 -0.460974 -0.902525 
0.377105 0.703137 -0.97548 0.611344 -0.660928 0.820208 0.591 0.540661 0.970913 0.83493 0.452731 0.358914 0.569826 0.352638 -0.600829 -0.868312 
-0.537401 -0.504603 0.794583 -0.335375 -0.35773 0.274526 0.814899 0.282273 0.379703 0.534648 0.0194198 -0.236811 0.810253 -0.067445 -0.465534 0.436882 
0.225052 -0.734825 -0.13105 -0.440719 -0.878982 0.21348 0.064851 0.545541 -0.201042 0.972144 -0.0761092 0.452663 -0.0760213 0.551098 -0.0135028 -0.14147 
0.818446 0.874226 0.544369 0.876823 -0.910903 0.765669 -0.171421 -0.121458 -0.902102 0.201706 0.469155 -0.897472 0.920432 0.488083 -0.944378 -0.57357 
-0.385186 -0.826223 0.661021 -0.215869 -0.481041 0.0485782 -0.353031 0.940193 -0.35758 -0.756751 0.0959681 0.846805 0.43343 0.410021 -0.161079 0.716588 
-0.821391 -0.393989 0.956663 0.662593 -0.189009 -0.103881 -0.0718367 0.738116 -0.410775 0.684794 -0.522671 -0.683466 -0.508224 -0.912553 -0.126146 -0.0102935 
-0.322152 0.907353 0.575651 0.514617 -0.295401 -0.889912 -0.448773 -0.905598 -0.82899 -0.484251 0.911701 0.495192 0.31209 -0.641842 -0.499137 -0.670344 
0.651822 -0.706464 0.488001 -0.992751 -0.576971 -0.520644 -0.210589 -0.854217 0.15598 0.966228 0.315433 -0.752934 -0.430186 0.370642 -0.947639 0.951052 
0.893952 0.183541 0.818068 -0.0916083 -0.530816 0.110371 0.201018 -0.3216 -0.253837 0.685245 -0.0256695 -0.0318346 0.566855 -0.0571196 -0.123699 -0.384207 
0.709128 -0.736862 -0.559957 0.572106 0.719801 0.317053 -0.890208 -0.511563 0.313901 0.886944 0.639643 0.610674 0.298242 0.946023 -0.301395 -0.288102 
-0.901976 -0.935833 -0.637106 -0.855832 -0.348806 -0.0546426 0.845034 -0.118219 -0.32 -0.384867 0.0593036 -0.155067 0.427437 0.0252545 0.0136144 -0.0630583 
0.787429 -0.902491 -0.91475 -0.618846 0.569882 0.347533 -0.0761944 -0.823733 0.378882 -0.819295 -0.878059 -0.162394 0.368774 -0.291297 -0.575065 -0.716457 
0.879654 -0.41355 -0.500215 0.244033 0.283613 0.158872 -0.654986 -0.0268703 -0.556771 -0.305942 -0.0269122 0.0195649 0.323146 -0.904141 0.72886 0.0022353 
-0.890036 0.224514 -0.160852 0.548881 0.45853 0.908385 -0.781437 0.1481 -0.0612535 0.319917 -0.87076 0.368311 -0.144746 -0.189995 0.0726439 0.0193174 
-0.564863 -0.617271 0.898322 -0.488235 0.794486 -0.260589 0.936826 -0.270564 -0.804595 0.00148325 -0.800371 -0.247969 -0.312063 -0.677299 0.345359 -0.899647 
-0.557284 -0.943919 -0.524016 0.0519923 -0.408167 -0.813607 -0.990835 -0.215179 0.598837 0.170652 0.828126 0.544454 0.541152 -0.288831 0.983672 0.664996 
0.460584 -0.0821965 -0.617249 0.661384 -0.618973 -0.934217 -0.973664 0.274222 0.168831 -0.0644225 -0.510612 0.101464 -0.0859699 0.732891 0.239912 -0.130533 
-0.890287 -0.82575 0.861533 0.130723 0.207731 0.685365 0.478802 0.411283 0.667944 0.450792 -0.967263 0.870882 0.874073 0.289861 -0.327224 -0.644305 
0.426219 -0.0766292 0.630787 0.715651 -0.32771 -0.282587 0.269074 -0.153812 0.403066 -0.00651566 -0.704151 -0.385676 0.0956632 -0.376459 0.745524 0.345098 
-0.835881 -0.641219 0.564064 -0.693446 0.239137 -0.39213 0.560296 0.758227 0.144318 0.620107 0.213009 -0.664534 0.290376 0.190514 -0.855309 -0.988284 
0.264085 0.340548 -0.685315 -0.0104924 -0.134381 0.621223 0.731232 -0.749644 0.846243 0.752873 0.883303 -0.647358 0.486117 0.765176 -0.404323 0.152756 
0.00910019 -0.0127569 -0.0208346 -0.114245 0.840998 -0.0095116 -0.52999 0.0700702 -0.98863 0.286639 -0.640028 -0.987965 -0.496917 0.562162 -0.263236 0.756344 
-0.587975 0.770716 0.46499 0.799882 -0.073399 0.973558 0.58876 0.49499 -0.637247 0.972744 -0.118913 0.484232 -0.980762 0.740334 -0.109706 -0.0242886 
-0.288606 -0.493357 0.533887 -0.951574 -0.809044 0.309917 0.101771 -0.506039 0.838922 0.382901 0.680142 0.939683 -0.397169 -0.607664 -0.0841807 0.893095 
-0.879165 0.884468 -0.611695 0.947078 -0.355782 -0.217216 -0.698138 -0.818247 0.886698 -0.295417 -0.329016 0.860597 -0.899478 0.683046 -0.728255 0.779142 
-0.352188 0.805484 -0.33506 0.245631 -0.369507 0.955971 0.0856506 -0.517271 0.790435 -0.239578 0.98305 0.941654 -0.469558 -0.129998 0.922738 -0.359513 
-0.91651 0.236302 0.162664 0.78536 0.77905 0.0545026 -0.00241319 0.893743 0.434363 -0.810614 0.96448 -0.233575 -0.720024 0.327441 -0.522589 -0.324905 
-0.718142 -0.913164 -0.618274 -0.920771 0.391656 -0.276987 0.61466 0.46946 -0.606334 0.00680331 -0.247065 -0.301988 0.250725 -0.62823 -0.686562 0.0619748 
-0.131471 -0.699809 -0.524918 -0.274912 -0.724674 0.327799 -0.122649 -0.0686939 -0.956517 0.515187 0.918616 -0.0680851 -0.271945 0.875823 -0.279895 0.154615 
-0.56335 -0.0984063 0.0245341 -0.841313 -0.817102 0.0216447 0.512804 0.346407 -0.744181 0.610127 -0.336068 0.820232 -0.386799 0.19776 -0.851993 0.818366 
-0.164879 0.259194 -0.689192 0.277139 0.336422 0.114241 -0.0229157 0.299483 -0.433444 -0.753755 0.103918 0.127463 -0.2403 -0.914437 -0.492071 0.718413 
0.69972 -0.761208 0.696614 0.538633 -0.912016 0.34073 0.811031 -0.422522 0.736434 0.274276 -0.0918607 0.00733686 0.779292 -0.875109 -0.368998 -0.487228 
-0.25189 0.865686 0.300513 -0.800897 -0.263582 0.794353 0.442567 0.863819 1.00005 -0.0752962 0.472277 0.481425 -0.811033 0.977619 0.0575213 0.373062 
-0.631948 0.038439 0.0667142 0.012003 -0.20762 0.107248 -0.518238 -0.539585 -0.266711 -0.638265 0.0511585 0.464756 0.659757 -0.195422 -0.728675 0.861342 
0.884553 0.684111 0.566724 0.541021 -0.183389 0.607143 0.338258 -0.0974964 0.496026 0.459107 -0.461541 -0.732186 -0.396109 0.647958 -0.154092 -0.702303 
0.108994 -0.835633 -0.791832 0.386784 0.361823 0.744215 -0.953691 0.411317 -0.0840991 0.292386 0.361508 -0.0616721 0.0958089 0.977152 0.658152 0.814035 
-0.913346 -0.851298 0.796172 0.18039 0.530183 0.885391 -0.0995681 0.426239 0.08888 0.143952 0.0843793 0.4354 0.50746 0.670663 -0.403791 -0.349611 
0.57445 0.146611 -0.415147 -0.0199188 0.0515644 -0.46495 -0.91016 -0.539286 -0.464334 0.775304 0.641661 0.37224 0.138164 0.487352 0.627808 -0.243704 
0.653146 0.235456 -0.527086 -0.462069 0.293485 -0.510175 -0.234506 -0.130505 0.210116 0.50493 0.91313 0.381409 -0.987366 0.961194 -0.948195 0.472662 
0.732619 -0.844166 -0.885069 0.126811 0.368472 0.773626 -0.809393 0.394283 -0.0153409 -0.821353 -0.42703 0.0732082 0.192167 -0.147361 0.0770887 -0.8768 
0.279202 0.53252 0.38998 0.152315 0.502657 -0.144581 -0.937925 -0.819442 -0.848449 0.00138177 0.820395 -0.0623276 0.322861 0.223998 0.468677 0.263554 
0.237061 0.0626744 0.912692 0.659827 -0.525353 0.127272 0.365437 0.685463 -0.653961 -0.7301 0.390477 0.0548869 0.298192 -0.63349 -0.633781 -0.206203 
0.423423 -0.769621 0.290696 -0.821223 -0.716299 0.095325 -0.851817 0.653546 -0.146263 -0.532296 0.828572 -0.153823 -0.4725 -0.628154 0.0434712 -0.466111 
0.847197 0.43108 -0.0458939 -0.853205 0.703362 -0.752222 0.705959 0.82115 -0.117288 -0.543561 0.625893 0.907448 -0.261431 0.580912 0.356355 -0.541078 
-0.266569 0.263539 -0.891268 -0.233778 0.186186 -0.649475 -0.990986 0.517914 -0.587559 -0.0915034 0.0305079 0.550507 -0.459549 0.989619 -0.0322774 0.0143615 
-0.387501 -0.486908 0.88784 -0.495983 0.268733 0.541077 0.333526 -0.424293 -0.433664 0.201928 0.334165 0.852232 -0.468957 0.874819 0.826818 -0.571166 
-0.807819 -0.403997 -0.967848 -0.797776 0.99514 -0.686045 0.940796 -0.0328811 0.752972 0.856643 -0.115252 -0.239076 0.116758 -0.197709 -0.71415 -0.977124 
-0.555819 -0.189342 -0.504436 -0.591035 0.359352 0.509388 0.0136785 0.822006 -0.475013 0.72993 -0.911615 -0.862857 -0.0193088 -0.875593 -0.767306 0.442902 
0.184337 -0.147399 -0.817306 0.616444 0.149328 -0.878325 0.215238 0.0558315 0.889614 0.328268 -0.442151 -0.446361 0.100028 -0.467106 -0.175006 -0.256624 
-0.268101 -0.958192 0.032624 0.535849 -0.488483 -0.592863 -0.964526 -0.886506 0.513294 -0.180965 0.205773 -0.530583 -0.602052 -0.932821 -0.667221 -0.963407 
0.835023 -0.853905 -0.216021 -0.182984 0.261754 0.0221408 0.501094 0.542282 -0.503892 0.168827 0.555162 -0.449072 0.172774 -0.427238 -0.234982 -0.646642 
-0.930911 -0.260558 0.269149 0.360842 -0.709749 0.313466 -0.812929 -0.00461816 -0.427316 -0.747104 -0.693 0.994476 0.646658 -0.630342 -0.624192 -0.716423 
-0.894714 -0.763173 -0.214991 0.887074 -0.156486 0.0565057 -0.139558 0.695076 0.441854 0.693262 -0.713985 0.0188686 0.00190483 -0.68397 0.727437 -0.657007 
-0.21458 -0.452412 -0.839591 0.154597 -0.595261 -0.803213 0.685331 0.0292101 0.325682 0.409484 0.120331 -0.772806 -0.153687 0.0252795 -0.884718 0.355399 
-0.729358 -0.425056 -0.00552729 0.529958 -0.875485 -0.508536 -0.199163 -0.935179 0.636022 -0.694177 -0.179753 -0.23085 -0.805764 0.108023 0.710454 -0.583496 
0.842777 0.373535 -0.374497 0.859453 0.661178 -0.67691 0.503054 0.0600378 0.894708 0.398526 0.371883 -0.405787 0.703051 -0.953482 0.85211 -0.296648 
-0.689831 0.0880001 -0.894229 -0.852748 0.298854 -0.351838 -0.696142 -0.751855 -0.671567 -0.445641 0.879922 0.776977 -0.621511 0.00352527 -0.848003 -0.552989 
-0.46407 -0.0705331 -0.0451353 -0.550048 0.297993 -0.283299 0.538979 -0.0829264 -0.955752 -0.145066 -0.19795 0.478537 -0.603286 0.318215 0.72999 0.107621 
0.820662 0.330127 -0.718059 0.393148 -0.978795 -0.519368 0.601524 0.430402 0.304647 0.0893483 0.386466 -0.547767 -0.453822 0.337854 0.210859 -0.756745 
-0.848624 0.367271 -0.347151 -0.237429 -0.335523 -0.052591 0.462774 -0.145009 0.10621 -0.504375 -0.2386 0.334673 -0.613931 -0.736668 0.701065 -0.266014 
0.312075 -0.741316 -0.231569 -0.636625 0.382106 -0.106148 0.133878 -0.268945 0.477335 0.93996 0.130401 0.819197 -0.534462 0.948235 -0.354193 -0.335587 
0.567289 0.392714 0.183101 -0.206207 -0.217531 0.382012 -0.0208257 0.994046 0.0958819 -0.592237 0.644753 -0.899546 -0.0692777 0.76207 0.632274 -0.726629 
0.153438 -0.64124 0.0189908 -0.391664 -0.402209 0.434128 -0.935057 0.479353 0.0987297 -0.0912975 -0.431228 0.767673 -0.188651 0.854517 0.791929 -0.930142 
-0.641015 0.539486 0.0577852 0.586974 -0.374884 -0.0144859 0.706142 0.88732 -0.202606 -0.177707 0.00830794 -0.00106146 0.303554 -0.283067 0.762293 -0.758232 
0.61856 0.550435 -0.767575 -0.0335385 0.227067 -0.303894 0.311381 0.850494 -0.0280066 -0.0843245 -0.615035 0.243985 0.865355 0.573244 -0.0011299 -0.734137 
-0.51309 -0.532248 0.37838 -0.936475 0.520234 -0.598107 -0.68709 0.283848 -0.292537 -0.356404 0.177764 0.493214 0.520245 0.754603 0.174455 -0.525794 
-0.454161 -0.986599 -0.663747 0.301602 0.417642 -0.443168 -0.899141 0.586349 -0.747742 -0.865349 0.34259 -0.180788 0.895536 0.570058 -0.619299 0.134385 
-0.96994 -0.56391 0.967812 -0.963158 -0.419939 0.176271 0.673133 0.121497 0.79618 0.391863 -0.740792 -0.519775 -0.728668 0.644414 0.793413 1.00538 
-0.60982 -0.990795 -0.876994 0.583337 -0.483705 0.310269 -0.366632 -0.735011 -0.881774 0.840666 0.278076 -0.916464 0.0819184 -0.208783 0.862816 -0.358548 
0.624198 0.506345 -0.177445 -0.956934 0.0129334 -0.684413 0.792172 0.729104 -0.615274 -0.655995 -0.91767 -0.987281 -0.266208 -0.697707 0.597115 -0.696501 
-0.769581 -0.980198 -0.478147 -0.0442836 0.423683 -0.544076 0.643113 0.94816 0.286743 -0.400303 0.429656 0.390203 -0.494042 -0.865762 0.451474 0.577248 
0.322894 -0.74597 0.211673 0.871228 0.380701 -0.975992 -0.551129 -0.801422 0.238741 -0.855136 -0.935659 0.316873 -0.103087 0.00770691 -0.782029 0.697582 
0.249743 0.934871 0.0715286 -0.636592 0.443506 0.0375117 -0.981206 -0.840148 -0.573904 0.0987795 -0.678689 -0.253663 -0.487648 -0.336592 0.198718 -0.0847755 
-0.30191 -0.464479 -0.177268 0.435086 0.818971 0.000778817 0.72007 0.104202 -0.935119 -0.316182 0.280741 -0.56773 0.132545 0.0957606 -0.586573 -0.239075 
0.361872 -0.795438 -0.389667 -0.695958 0.657982 -0.761228 0.498407 -0.787853 0.897238 -0.0786559 -0.603118 0.0157679 0.742605 -0.618185 -0.402331 0.433488 
-0.494801 0.804496 0.229037 -0.195183 0.451128 0.39882 0.108829 0.226119 -0.188462 -0.881774 0.150014 0.401089 0.548793 0.747664 -0.517739 0.259072 
0.125849 0.449542 -0.0689883 -0.584191 0.698281 -0.0261936 0.578379 -0.628578 0.730084 -0.585371 0.467424 0.891743 -0.637538 -0.721962 0.0121711 0.329108 
0.0859082 0.903086 -0.446507 -0.759261 0.593624 0.809951 0.0292582 -0.622936 0.251959 -0.657666 -0.931149 -0.295875 0.514389 -0.242751 -0.55615 -0.250497 
-0.0134901 -0.504727 -0.425582 0.35752 -0.655005 0.434168 0.476103 -0.794287 0.784524 0.572987 0.859864 -0.540011 -0.198942 0.292188 0.12683 -0.0635432 
-0.676211 -0.825768 0.404148 -0.170413 -0.0615405 -0.070127 0.523041 -0.878023 0.462791 0.794439 0.480866 0.620995 0.0517257 0.498749 -0.748311 -0.822058 
-0.625349 0.418921 -0.712258 0.763277 -0.786295 -0.842913 -0.318931 -0.0601189 0.552638 -0.943453 -0.545822 -0.10014 0.593375 -0.611186 0.0555796 0.340948 
-0.368985 -0.440786 -0.981394 0.459949 0.723868 0.917596 -0.719536 -0.465378 0.857892 0.40453 -0.491656 0.566589 0.627257 -0.924443 -0.649778 -0.15853 
-0.654454 -0.84308 0.0613813 0.697191 -0.303316 0.0654717 -0.62418 0.764205 0.446187 -0.715514 0.607156 -0.46318 0.923267 0.739294 -0.863767 -0.311857 
0.774112 0.534798 0.407334 0.513612 0.984427 -0.288994 -0.306004 -0.469495 0.933421 0.776611 0.909776 0.72172 0.501827 -0.14507 -0.927845 -0.689056 
-0.906926 0.638075 -0.467367 0.0769481 0.699986 0.587366 -0.177492 -0.52123 0.224286 0.481309 0.701481 0.233638 -0.153886 0.321801 0.121347 -0.740553 
-0.862971 0.389932 0.188608 0.311078 0.691284 -0.175082 -0.375074 0.634421 0.205147 -0.426282 -0.281118 -0.50255 -0.310752 -0.580436 0.033727 -0.0570703 
-0.185099 0.642335 -0.752905 -0.669815 -0.937043 -0.586393 0.39054 -0.663339 0.255659 0.899226 -0.53053 0.0513918 0.132346 0.637865 0.879679 0.69517 
0.567052 -0.12284 0.859328 0.311418 0.920715 -0.263573 0.623241 0.0839312 0.530403 0.0453038 -0.334619 -0.367677 0.81826 -0.108047 -0.793908 0.263025 
0.745796 -0.846786 0.633998 -0.0999517 0.764884 -0.718661 -0.264508 0.0538135 -0.106104 0.520806 0.16661 0.48721 0.141641 -0.441748 0.66555 -0.0561458 
-0.922992 0.850852 -0.0630226 0.262684 0.234093 -0.478606 0.638472 0.825082 0.411509 -0.0464301 0.684181 0.0301403 0.39007 -0.432127 0.140618 -0.185827 
-0.591829 -0.275562 -0.601655 0.959595 -0.395493 -0.453417 -0.367878 0.985095 -0.114568 -0.0122331 0.60221 0.404478 -0.331129 0.733937 -0.0384383 -0.500705 
0.672555 -0.0881181 -0.834414 -0.831829 0.289605 0.590117 -0.965353 -0.239453 -0.813571 -0.514675 0.990636 0.184522 0.201625 -0.709537 0.437929 -0.730117 
-0.261064 -0.717205 0.51606 0.0975727 -0.00124498 -0.544041 -0.195259 -0.533448 -0.717569 -0.997253 -0.69226 -0.338212 -0.705527 0.539539 -0.534956 0.611863 
0.658402 0.142967 -0.722098 0.913688 0.468099 0.802135 -0.830243 -0.888938 0.609532 0.103526 -0.0761194 -0.716175 0.0593537 -0.376297 -0.495067 -0.824093 
0.607479 0.842483 0.0408824 -0.502396 -0.582668 -0.23434 0.0212435 -0.834847 -0.663002 -0.526261 0.141724 0.200617 0.260231 0.898649 1.01721 -0.953607 
-0.194651 -0.37138 -0.958178 -0.722837 0.896441 -0.351428 -0.600752 0.832263 0.753545 -0.286728 -0.479802 0.328458 -0.645363 -0.272979 -0.78778 -0.896981 
-0.210044 0.369286 0.785 0.0913293 -0.67986 0.359035 -0.492365 -0.250807 0.534479 0.801341 0.361704 0.340605 -0.523741 0.552974 0.751727 -0.887468 
-0.513276 0.396457 -0.218012 -0.1625 -0.649398 -0.981468 0.357007 -0.284688 0.664648 -0.387704 -0.696708 0.097254 0.862335 -0.813963 -0.933895 -0.612493 
-0.162374 -0.390748 0.108542 0.266979 -0.678268 -0.934073 0.917014 0.38949 -0.135129 -0.777352 -0.721995 0.274181 0.659288 0.191743 0.356199 0.306974 
-0.432135 -0.855318 -0.62611 0.427388 -0.330814 0.937492 0.0674676 0.674362 -0.477689 0.919972 0.873124 0.77978 -0.502378 0.444521 0.827905 -0.681646 
0.2816 0.275206 -0.612587 0.081995 -0.58471 -0.617395 0.380639 -0.44618 0.653368 -0.456094 0.766794 -0.976989 0.854269 0.000290195 -0.876149 0.816277 
-0.496566 -0.175796 0.782866 0.665331 0.410302 -0.640123 -0.396616 0.52495 0.594861 -0.569516 0.114982 -0.26012 0.381009 -0.00263726 0.422315 0.688123 
0.517506 0.489061 0.559812 -0.733401 -0.55414 0.968591 -0.895208 -0.406231 -0.187451 0.870633 0.513133 0.828641 0.867754 -0.400524 -0.520886 0.439223 
-0.534949 -0.518575 0.404051 0.167633 0.293398 -0.276037 -0.005624 -0.203695 -0.760487 -0.730697 0.429533 0.627378 -0.0700825 0.527362 0.173326 -0.591518 
-0.388394 0.320162 -0.0382911 -0.0333582 0.295286 -0.828796 -0.19027 1.0047 -0.838168 -0.758968 -0.468284 0.907818 -0.230293 0.796527 0.129494 -0.502795 
-0.0142744 0.680263 0.333889 0.490056 0.52977 0.338174 0.172971 -0.805722 0.506021 -0.280047 0.339915 -0.965065 -0.85023 -0.0102877 -0.820187 -0.376929 
0.765952 -0.91848 -0.12933 -0.764757 0.295593 -0.71553 -0.421234 -0.683138 0.61365 -0.726116 0.916086 0.868336 0.64797 -0.176126 -0.0249605 -0.00319231 
0.167999 0.63245 -0.10371 0.854522 -0.955428 0.992513 0.373821 -0.583294 -0.441511 0.565545 0.278085 0.601776 -0.101927 -0.668564 -0.885774 0.564481 
-0.110002 -0.836271 0.730332 0.546038 0.398461 0.145392 -0.701501 0.507782 0.583905 0.0350314 -0.744661 0.60718 0.391818 -0.709239 -0.921288 -0.546784 
-0.630805 0.485306 0.932945 -0.97472 0.827984 0.347575 0.885736 0.879599 0.226567 -0.163027 0.933148 0.526644 -0.185562 -0.982913 -0.0335261 -0.896919 
-0.168004 -0.996601 0.835867 0.91209 0.797087 0.907463 0.941594 -0.47309 0.0614578 0.988295 -0.835526 -0.599705 -0.791544 0.159187 0.428677 0.761581 
0.197676 0.273228 -0.751448 -0.77915 0.0807814 0.498124 0.115001 0.902715 -0.975244 -0.287129 0.684683 -0.90441 -0.760785 -0.841054 -0.318049 0.553258 
-0.83186 0.0382171 -0.410708 -0.52798 0.798273 0.556384 -0.547135 0.901581 -0.711089 0.489754 -0.877412 0.86275 -0.846001 -0.897081 0.0433768 0.722179 
-0.748138 -0.39375 -0.485734 -0.890137 -0.245088 -0.388757 0.965448 0.0639877 0.421846 -0.840547 0.375518 -0.403687 -0.0468313 -0.133534 -0.403485 -0.271348 
0.445961 -0.24697 0.0347053 0.83543 0.441782 0.625668 0.55895 0.03489 0.356145 0.186467 0.253298 0.0793707 0.813792 0.365309 0.0346944 0.374873 
0.949467 -0.0681088 0.200155 0.284297 -0.622793 -0.879507 0.312831 0.299819 -0.938988 0.203864 0.555005 -0.843086 -0.224644 0.292421 0.0364088 0.895807 
0.136323 -0.963731 1.00309 -0.175564 0.187923 0.162787 0.676968 0.165373 -0.276408 0.511517 0.526869 -0.692084 0.39914 0.136696 0.515926 -0.885335 
0.79787 0.261975 -0.767303 -0.725696 -0.856603 0.20287 0.155117 0.218764 -0.663263 -0.489879 0.495309 0.413137 0.964541 -0.84341 -0.437666 0.495655 
-0.95105 -0.789315 -0.92588 -0.175428 0.0288674 0.270124 0.623615 0.113704 0.0558612 0.707449 -0.206329 0.696129 -0.492635 0.103337 0.257152 0.0641893 
-0.235543 -0.942796 0.805186 -0.760824 0.0933164 -0.786809 0.256247 -0.416688 -0.563923 0.304108 0.841373 0.88259 0.0172398 0.651452 0.636368 0.677474 
0.342142 0.175346 0.479389 -0.449854 -0.573833 -0.981323 -0.898214 0.28558 0.759129 0.793484 0.24176 0.285027 0.00454746 0.760798 -0.836916 -0.776497 
-0.19816 0.0513171 -0.501401 0.188622 0.337997 -0.644027 -0.898054 -0.911224 -0.135822 0.330384 -0.426007 0.0933133 -0.194609 0.682253 0.011058 0.649478 
-0.271917 0.480315 0.65434 -1.02225 0.122289 0.210745 0.845473 0.813311 0.449741 -0.255745 0.283477 0.0264545 -0.829574 0.316252 -0.732754 -0.374265 
-0.684706 -0.879408 -0.629095 0.566628 0.859175 -0.301223 -0.184668 -0.00737766 -0.480044 -0.851683 -0.00925191 -0.29915 -0.123749 0.731624 0.246788 -0.396919 
-0.367732 -0.711246 0.978972 0.0391269 -0.0550402 -0.144158 0.699261 0.507042 -0.648611 0.795357 -0.156797 -0.770923 0.817229 -0.667512 0.61634 -0.329429 
0.803642 -0.0185332 0.762844 -0.039342 0.00677831 -0.970483 -0.415018 0.0810739 0.10706 0.464276 -0.963535 -0.499481 -0.842864 -0.694785 0.934638 0.342218 
-0.0970059 0.215259 0.753878 0.591484 -0.779003 -0.650512 0.472714 0.514051 -0.228381 0.923075 -0.234664 0.720112 0.664355 0.570687 -0.614393 0.503623 
-0.185679 -0.175467 -0.949795 -0.967411 -0.722656 -0.354417 -0.571877 0.29989 -0.583657 -0.761353 -0.426822 -0.798507 0.770299 -0.137323 -0.496135 0.739151 
-0.851134 0.372398 0.56046 -0.867265 0.618472 -0.246351 -0.000337304 0.241638 -0.581038 0.377434 0.938454 0.981208 0.705677 -0.947183 0.45223 -0.493361 
-0.763433 0.025725 -0.747175 -0.396151 0.725456 0.949454 0.390192 -0.3127 -0.728014 0.68891 0.414083 -0.365403 -0.473895 -0.372895 -0.811024 0.11978 
-0.674184 0.861001 0.262573 0.806628 0.691348 -0.770694 -0.0480931 0.668508 -0.687211 -0.533918 0.264339 -0.172118 -0.847609 -0.155902 0.74997 -0.868006 
-0.898655 -0.397925 -0.538748 -0.687393 -0.241605 -0.62295 -0.256433 -0.265167 -0.0423765 -0.459435 0.988433 0.276933 -0.243869 0.667524 -0.683151 -0.489449 
-0.662755 -0.72891 0.302682 -0.323391 0.615351 -0.893005 -0.800225 -0.718479 -0.286691 -0.460229 -0.404415 0.372952 0.694547 0.179733 -0.636657 -0.774071 
-0.858091 -0.456691 -0.345626 0.699453 -0.334714 -0.498857 0.338884 0.287459 0.719686 0.0160916 0.460117 0.026642 0.369845 -0.450091 -0.892755 0.0245151 
-0.690059 0.259128 -0.455063 -0.28664 -0.270839 -0.514148 0.957723 -0.0436398 -0.212049 -0.201299 -0.756369 -0.847414 -0.178382 -0.964887 -0.249153 -0.29487 
-0.690669 -0.442722 -0.12874 0.290195 -0.553952 0.945007 -0.26267 -0.479238 0.011476 -0.390118 -0.950692 0.931255 -0.344467 0.47669 0.348314 -0.0961802 
0.481706 -0.546263 0.432014 0.446995 -0.806319 -0.00156261 -0.274054 0.415349 -0.621746 -0.361615 0.529192 0.917419 0.807597 0.840039 0.69553 -0.845705 
0.795508 0.561377 -0.541159 0.635691 0.324403 0.975963 0.713345 -0.183266 -0.93447 -0.501248 0.854295 -0.0843527 0.351263 -0.966337 -0.670924 -0.651554 
-0.0383934 -0.979463 0.594893 0.571958 0.966507 -0.841542 -0.532579 0.1783 0.832404 0.667331 -0.396335 -0.51554 -0.129224 0.440663 -0.904566 0.114514 
-0.816914 0.666013 -0.273653 0.68124 0.471877 -0.626717 -0.744776 0.814121 -0.719115 -0.35695 0.567705 0.95927 -0.916417 -0.377237 0.413535 0.66755 
0.301115 -0.83897 -0.321719 -0.788185 -0.279647 -0.523865 0.7637 0.274557 0.153751 0.724062 0.502516 0.631207 -0.846677 0.64865 -0.496794 0.513807 
-0.832079 0.429238 -0.997701 -0.802469 0.70504 0.481451 0.914711 -0.684467 0.849478 -0.749182 -0.718943 0.66138 -0.433769 0.918303 0.0855304 -0.10967 
0.396506 0.317323 -0.374184 0.675636 0.906034 0.565727 -0.319027 -0.803617 -0.198407 0.722226 0.297312 0.718103 -0.151855 -0.387001 -0.27292 0.00317739 
-0.78213 -0.44728 -0.16713 -0.306363 0.0346286 -0.162712 -0.712912 -0.0254234 -0.37377 -0.488845 -0.365061 0.271955 -0.711358 -0.138093 0.209904 0.44882 
0.778372 -0.743255 0.541309 0.437679 0.489701 0.960628 -0.249661 -0.496402 -0.0908144 0.092782 -0.40816 0.552197 -0.0602892 0.0475859 0.549748 0.61342 
0.575051 0.885855 0.846567 0.94671 0.986704 -0.878874 -0.973637 0.664674 -0.743905 0.430249 0.795748 -0.254805 -0.456951 0.0404823 0.0989083 0.937681 
0.68835 -0.968263 -0.641391 0.466078 -0.695502 -0.932862 -1.00256 0.526666 -0.878823 0.972942 0.333128 -0.652474 0.807369 0.270432 0.995023 0.111909 
-0.169243 -0.449283 -0.0807433 0.954301 -0.978265 -0.769122 0.172831 -0.285068 -0.89894 0.907875 -0.927259 -0.094396 0.622132 0.052444 -0.827818 0.177657 
-0.558291 -0.256958 -0.396569 0.252067 0.593193 0.399893 0.139388 -0.408564 -0.746459 -0.265491 -0.647844 -0.0886971 -0.717028 0.658908 0.0003838 0.545811 
0.348382 -0.197398 0.863103 0.572225 0.980991 0.874293 -1.02416 -0.0362127 -0.828083 0.786812 0.109832 0.197293 -0.0210592 -0.614595 -0.125697 -0.965246 
0.106437 -0.294268 0.851521 -0.746869 -0.0769818 -0.814499 0.859669 0.644781 -0.447461 0.0365866 0.857286 0.0729707 0.168147 0.014266 0.268764 -0.516399 
0.219764 0.0992857 0.151296 0.00608951 -0.198692 0.0288783 0.446062 0.956761 0.281329 0.926243 0.898633 -0.279934 -0.764507 0.182917 -0.153455 -0.825666 
0.964318 0.288863 0.822342 -0.852556 0.772742 -0.118371 0.441073 -0.583027 -0.817875 -0.463392 -0.777477 0.711056 0.740661 -0.726702 0.71769 -0.971494 
1.06371 -0.0450505 -0.144289 -0.719145 0.0860418 -0.23411 -0.557493 0.396388 -0.8005 0.978377 -0.944962 0.791425 -0.191806 -0.841995 -0.120817 -0.61476 
0.939307 0.793413 0.157263 0.03657 -0.050878 -0.755368 -0.951937 0.481921 0.869996 0.12695 0.343917 -0.277457 -0.558296 0.760206 -0.897707 0.701589 
0.764591 0.324853 0.852834 -0.786609 0.810202 0.454244 -0.396484 0.930358 -0.437589 0.159077 -0.857032 0.219069 -0.0285949 -0.595731 -0.797667 0.503192 
-0.35427 -0.751835 0.278673 -1.0034 -0.304024 -0.220776 0.925438 -0.585914 0.628237 0.543379 -0.738908 0.944376 0.342252 -0.497967 -0.0417003 0.736313 
0.254124 -0.166735 -0.436572 -0.949131 0.0320549 -0.678991 -0.249746 0.798124 0.460547 -0.569016 -0.686957 0.700672 -0.423268 -0.802299 0.976847 -0.0354546 
-0.425108 0.0683609 0.412406 0.37429 0.0892972 0.855175 0.0246835 -0.45752 0.983015 -0.0606437 0.921259 -0.84936 0.240213 -0.338943 0.580839 0.876713 
0.0896292 -0.769383 -0.565799 -0.36233 0.672628 -0.0874138 -0.629057 0.87256 0.774332 -0.283207 0.640924 -0.208083 0.00381742 0.834518 -0.234909 0.498232 
0.871847 -0.598949 -0.284665 0.565097 0.658878 0.0260862 0.194603 -0.0747148 0.681036 0.658221 0.549603 0.458821 0.830159 0.787699 -0.263655 -0.222595 
-0.338279 -0.204588 -0.37939 0.542772 0.23131 0.951672 -0.428598 0.360222 -0.920805 0.228614 0.842784 -0.599037 0.601451 -0.91233 -0.535459 -0.894708 
-0.3779 -0.877997 0.287372 -0.725878 -0.147753 -0.307854 0.0317874 0.458235 -0.803111 0.0622847 0.646791 0.0234403 0.428399 0.285 -0.159509 -0.0543189 
-0.768092 0.835508 -0.654986 0.565798 -0.992914 -0.682121 0.446654 -0.627693 -0.000227273 -0.336032 -0.743337 -0.431998 -0.487552 0.367377 -0.586822 0.783112 
-0.584758 -0.670727 0.187859 -0.795516 0.982364 -0.281015 -0.152086 -0.928271 -0.551238 0.214746 -0.752481 -0.137588 -0.2653 0.3776 -0.288698 -0.427559 
-0.151406 -0.515761 0.537782 0.288612 -0.465374 0.632261 -0.98583 -0.715423 -0.32011 -0.523531 0.61388 -0.350588 0.0179199 0.524854 0.0152404 0.40324 
0.851864 0.398284 0.523046 0.827983 0.447711 -0.537794 0.389876 0.726777 0.764987 0.303792 0.811074 -0.602734 0.267646 0.434095 0.908241 -0.0311351 
0.495782 -0.0592754 -0.662759 0.229308 -0.889735 0.236107 -0.618806 0.37094 0.136615 -0.961712 -0.564022 -0.562221 -0.0914931 -0.0932139 -0.41336 0.477422 
0.138224 0.61545 -0.81325 0.620179 -0.702806 0.785621 -0.829996 0.12319 -0.12331 -0.187366 0.895426 0.838034 -0.873725 -0.195945 -0.752898 -0.958675 
0.554141 -0.877674 -0.822508 0.595667 -0.0514269 -0.992135 -0.156022 0.209403 -0.47178 -0.746012 0.0585999 -0.583563 0.500658 -0.213316 -0.244068 -0.051977 
0.239014 0.910785 0.292128 0.663344 0.491965 -0.847691 -0.540412 0.555071 -0.787844 -0.201241 0.93878 0.0192558 -0.898425 0.671088 -0.269355 -0.295379 
0.715555 0.344746 -0.18071 -0.312521 -0.584164 -0.859807 0.662721 -0.152765 0.570308 0.00181708 0.412237 -1.00129 0.967135 -0.61476 0.298982 0.78362 
0.910836 -0.171749 1.00164 0.0975223 -0.918566 0.0845997 0.128253 -0.268423 0.892744 -0.774504 -0.329295 -0.00573035 0.540922 -0.510319 0.83555 -0.880411 
0.829976 0.300078 -0.0632961 0.695753 0.960043 -0.947663 0.500832 -0.105337 0.0278107 0.409382 0.0857313 -0.847854 -0.393036 0.89126 -0.167875 0.509081 
-0.188117 0.914809 -0.87042 -0.227619 -0.185586 0.650834 -0.902305 -0.551354 -0.311205 -0.780837 0.207284 -0.556713 -0.472647 -0.836281 0.635097 0.0652212 
0.398666 0.558265 -0.738192 -0.815347 0.585497 -0.53986 0.132218 0.424415 0.501867 0.0802456 0.705951 0.369578 -0.478787 0.5058 -0.92191 -0.851874 
-0.162221 0.334826 -0.596375 0.328513 -0.145387 -0.316088 -0.0594037 -0.961601 0.357523 0.217241 0.309573 -0.759297 0.418991 0.417335 0.164491 0.337719 
-0.452446 -0.948835 0.887835 -0.131238 0.503685 0.178063 0.615543 0.111954 -0.00600254 -0.612968 -0.710613 0.631369 0.411839 0.299167 0.422308 0.278659 
0.992997 0.0776697 -0.233289 0.857596 -0.0227479 0.527724 0.457704 -0.504429 -0.160363 -0.449812 -0.919709 -0.651815 -0.985509 -0.621981 -0.374075 -0.152692 
-0.615251 -0.390454 0.176741 -0.842311 -0.843778 -0.952157 0.92447 0.558457 0.220057 -0.203951 0.681201 0.558053 -0.443177 -0.530769 0.68455 0.694363 
-0.0394894 -0.611697 -0.518666 0.38569 0.0299092 0.784826 0.15955 0.234862 -0.368204 0.44228 0.561445 0.232321 0.00461693 0.88091 -0.580693 0.0179446 
0.370741 0.786542 -0.9317 -0.810628 -0.790047 -0.349403 -0.396779 -0.113243 -0.412904 -0.259991 0.425811 0.0533162 0.668561 0.0913837 -0.14024 0.875317 
-0.271548 -0.400457 0.0143511 0.187583 0.414447 -0.020164 0.70531 0.616705 -0.556296 0.900236 0.229425 -0.459449 -0.452484 0.556996 -0.5174 0.455605 
0.745138 -0.758066 -0.501339 -0.027623 2.05015e-005 -0.978172 -0.268982 -0.630486 -0.204014 0.240627 0.680748 -0.452343 0.112024 -0.910566 -0.823433 0.168055 
0.254935 0.153262 0.170257 0.526927 0.583256 0.460296 0.85088 0.858676 0.602829 0.732146 -0.728403 -0.881965 0.19415 0.706696 0.58491 0.199233 
-0.355405 -0.00419634 -0.770388 -0.723997 -0.087446 0.30667 0.558348 0.462955 -0.954524 0.443886 0.523874 -0.297426 -0.416088 -0.562942 0.944171 0.58167 
0.866573 -0.638212 0.20248 0.596492 0.0816191 -0.471661 0.297876 -0.0446814 0.591828 0.425154 0.33835 0.661656 0.820636 -0.125959 -0.25776 0.439922 
-0.921045 -0.46393 -0.042886 0.587045 0.693359 0.387196 -0.92736 0.955916 -0.671976 0.404708 0.191899 -0.791933 -0.160232 -0.310736 -0.745594 -0.00314838 
0.79479 -0.770309 -0.163907 0.281232 -0.928259 0.880569 -0.78947 0.446731 -0.933847 -0.395912 0.152571 0.597209 0.690665 -0.950553 0.533418 -0.598506 
0.600114 0.111834 -0.475609 0.16881 -0.206261 -0.405573 -0.864059 -0.978264 -0.0013676 -0.792737 0.969284 0.294841 -0.66547 0.530741 0.850119 0.455115 
-0.518363 -0.405454 -0.211136 0.966117 -0.716769 -0.732783 0.677491 -0.491452 -0.655077 -0.577851 0.691918 0.944991 0.535929 -0.8036 -0.191697 0.0325642 
0.306852 0.831267 0.377577 -0.692844 -0.110604 0.417689 0.385096 -0.594161 -0.635656 0.42787 -0.102343 0.453662 -0.941385 -0.550814 0.526424 0.744912 
